five_color <- c("#303333", "#bdbfbf", "#e5de54", "#808c73", "#a1a1a1")
four_color <- c("#303333", "#808c73", "#e5de54", "#a1a1a1")
three_color <- c("#303333", "#e5de54", "#808c73")
two_color <- c("#e5de54", "#303333")
