five_color <- c("#303333", "#e5de54", "#808c73", "#a1a1a1", "#bdbfbf")
four_color <- c("#303333", "#e5de54", "#808c73", "#a1a1a1")
two_color <- c("#e5de54", "#303333")
